   7.3121800e+05
   7.3121900e+05
   7.3122000e+05
   7.3122300e+05
   7.3122400e+05
   7.3122500e+05
   7.3122600e+05
   7.3122700e+05
   7.3123000e+05
   7.3123100e+05
   7.3123200e+05
   7.3123300e+05
   7.3123400e+05
   7.3123700e+05
   7.3123800e+05
   7.3123900e+05
   7.3124000e+05
   7.3124100e+05
   7.3124400e+05
   7.3124500e+05
   7.3124600e+05
   7.3124700e+05
   7.3124800e+05
   7.3125100e+05
   7.3125200e+05
   7.3125300e+05
   7.3125400e+05
   7.3125500e+05
   7.3125800e+05
   7.3125900e+05
   7.3126000e+05
   7.3126100e+05
   7.3126200e+05
   7.3126500e+05
   7.3126600e+05
   7.3126700e+05
   7.3126800e+05
   7.3126900e+05
   7.3127200e+05
   7.3127300e+05
   7.3127400e+05
   7.3127500e+05
   7.3127600e+05
   7.3127900e+05
   7.3128000e+05
   7.3128100e+05
   7.3128200e+05
   7.3128300e+05
   7.3128600e+05
   7.3128700e+05
   7.3128800e+05
   7.3128900e+05
   7.3129000e+05
   7.3129300e+05
   7.3129400e+05
   7.3129500e+05
   7.3129600e+05
   7.3129700e+05
   7.3130000e+05
   7.3130100e+05
   7.3130200e+05
   7.3130300e+05
   7.3130800e+05
   7.3130900e+05
   7.3131000e+05
   7.3131100e+05
   7.3131400e+05
   7.3131500e+05
   7.3131600e+05
   7.3131700e+05
   7.3131800e+05
   7.3132100e+05
   7.3132200e+05
   7.3132300e+05
   7.3132400e+05
   7.3132500e+05
   7.3132800e+05
   7.3132900e+05
   7.3133000e+05
   7.3133100e+05
   7.3133200e+05
   7.3133500e+05
   7.3133600e+05
   7.3133800e+05
   7.3133900e+05
   7.3134200e+05
   7.3134300e+05
   7.3134400e+05
   7.3134500e+05
   7.3134600e+05
   7.3134900e+05
   7.3135000e+05
   7.3135100e+05
   7.3135200e+05
   7.3135300e+05
   7.3135600e+05
   7.3135700e+05
   7.3135800e+05
   7.3135900e+05
   7.3136000e+05
   7.3136300e+05
   7.3136400e+05
   7.3136500e+05
   7.3136600e+05
   7.3136700e+05
   7.3137000e+05
   7.3137100e+05
   7.3137200e+05
   7.3137300e+05
   7.3137400e+05
   7.3137700e+05
   7.3137800e+05
   7.3137900e+05
   7.3138000e+05
   7.3138100e+05
   7.3138400e+05
   7.3138500e+05
   7.3138600e+05
   7.3138700e+05
   7.3138800e+05
   7.3139100e+05
   7.3139200e+05
   7.3139300e+05
   7.3139400e+05
   7.3139500e+05
   7.3139800e+05
   7.3139900e+05
   7.3140000e+05
   7.3140100e+05
   7.3140200e+05
   7.3140500e+05
   7.3140600e+05
   7.3140700e+05
   7.3140800e+05
   7.3140900e+05
   7.3141200e+05
   7.3141300e+05
   7.3141400e+05
   7.3141500e+05
   7.3141600e+05
   7.3141900e+05
   7.3142000e+05
   7.3142100e+05
   7.3142200e+05
   7.3142300e+05
   7.3142600e+05
   7.3142700e+05
   7.3142800e+05
   7.3142900e+05
   7.3143000e+05
   7.3143300e+05
   7.3143400e+05
   7.3143500e+05
   7.3143600e+05
   7.3143700e+05
   7.3144000e+05
   7.3144100e+05
   7.3144200e+05
   7.3144300e+05
   7.3144400e+05
   7.3144700e+05
   7.3144800e+05
   7.3144900e+05
   7.3145000e+05
   7.3145100e+05
   7.3145400e+05
   7.3145500e+05
   7.3145600e+05
   7.3145700e+05
   7.3145800e+05
   7.3146100e+05
   7.3146200e+05
   7.3146300e+05
   7.3146400e+05
   7.3146500e+05
   7.3146800e+05
   7.3146900e+05
   7.3147000e+05
   7.3147100e+05
   7.3147200e+05
   7.3147500e+05
   7.3147600e+05
   7.3147700e+05
   7.3147800e+05
   7.3147900e+05
   7.3148200e+05
   7.3148300e+05
   7.3148400e+05
   7.3148500e+05
   7.3148600e+05
   7.3148900e+05
   7.3149000e+05
   7.3149100e+05
   7.3149200e+05
   7.3149300e+05
   7.3149600e+05
   7.3149700e+05
   7.3149800e+05
   7.3149900e+05
   7.3150000e+05
   7.3150300e+05
   7.3150400e+05
   7.3150500e+05
   7.3150600e+05
   7.3150700e+05
   7.3151000e+05
   7.3151100e+05
   7.3151200e+05
   7.3151300e+05
   7.3151400e+05
   7.3151700e+05
   7.3151800e+05
   7.3151900e+05
   7.3152000e+05
   7.3152100e+05
   7.3152400e+05
   7.3152500e+05
   7.3152600e+05
   7.3152700e+05
   7.3152800e+05
   7.3153100e+05
   7.3153200e+05
   7.3153300e+05
   7.3153400e+05
   7.3153500e+05
   7.3153800e+05
   7.3153900e+05
   7.3154000e+05
   7.3154100e+05
   7.3154200e+05
   7.3154500e+05
   7.3154600e+05
   7.3154700e+05
   7.3154800e+05
   7.3154900e+05
   7.3155200e+05
   7.3155300e+05
   7.3155400e+05
   7.3155500e+05
   7.3155600e+05
   7.3155900e+05
   7.3156000e+05
   7.3156100e+05
   7.3156200e+05
   7.3156300e+05
   7.3156600e+05
   7.3156700e+05
   7.3156800e+05
   7.3156900e+05
   7.3157000e+05
   7.3157300e+05
   7.3157700e+05
   7.3158000e+05
   7.3158300e+05
   7.3158400e+05
   7.3158700e+05
   7.3158800e+05
   7.3158900e+05
   7.3159000e+05
   7.3159100e+05
   7.3159400e+05
   7.3159500e+05
   7.3159600e+05
   7.3159700e+05
   7.3159800e+05
   7.3160100e+05
   7.3160200e+05
   7.3160300e+05
   7.3160400e+05
   7.3160500e+05
   7.3160800e+05
   7.3160900e+05
   7.3161000e+05
   7.3161100e+05
   7.3161200e+05
   7.3161500e+05
   7.3161600e+05
   7.3161700e+05
   7.3161800e+05
   7.3161900e+05
   7.3162200e+05
   7.3162300e+05
   7.3162400e+05
   7.3162500e+05
   7.3162600e+05
   7.3162900e+05
   7.3163000e+05
   7.3163100e+05
   7.3163200e+05
   7.3163300e+05
   7.3163600e+05
   7.3163700e+05
   7.3163800e+05
   7.3163900e+05
   7.3164000e+05
   7.3164300e+05
   7.3164400e+05
   7.3164500e+05
   7.3164600e+05
   7.3164700e+05
   7.3165000e+05
   7.3165100e+05
   7.3165200e+05
   7.3165300e+05
   7.3165400e+05
   7.3165700e+05
   7.3165800e+05
   7.3165900e+05
   7.3166000e+05
   7.3166100e+05
   7.3166400e+05
   7.3166500e+05
   7.3166600e+05
   7.3166700e+05
   7.3166800e+05
   7.3167100e+05
   7.3167200e+05
   7.3167300e+05
   7.3167400e+05
   7.3167500e+05
   7.3167800e+05
   7.3167900e+05
   7.3168000e+05
   7.3168100e+05
   7.3168200e+05
   7.3168500e+05
   7.3168600e+05
   7.3168700e+05
   7.3168800e+05
   7.3169300e+05
   7.3169400e+05
   7.3169500e+05
   7.3169600e+05
   7.3169900e+05
   7.3170000e+05
   7.3170100e+05
   7.3170300e+05
   7.3170600e+05
   7.3170700e+05
   7.3170800e+05
   7.3170900e+05
   7.3171000e+05
   7.3171300e+05
   7.3171400e+05
   7.3171500e+05
   7.3171600e+05
   7.3171700e+05
   7.3172000e+05
   7.3172100e+05
   7.3172200e+05
   7.3172300e+05
   7.3172400e+05
   7.3172700e+05
   7.3172800e+05
   7.3172900e+05
   7.3173000e+05
   7.3173100e+05
   7.3173400e+05
   7.3173500e+05
   7.3173600e+05
   7.3173700e+05
   7.3173800e+05
   7.3174100e+05
   7.3174200e+05
   7.3174300e+05
   7.3174400e+05
   7.3174500e+05
   7.3174800e+05
   7.3174900e+05
   7.3175000e+05
   7.3175100e+05
   7.3175200e+05
   7.3175500e+05
   7.3175600e+05
   7.3175700e+05
   7.3175800e+05
   7.3175900e+05
   7.3176200e+05
   7.3176300e+05
   7.3176400e+05
   7.3176500e+05
   7.3176600e+05
   7.3176900e+05
   7.3177000e+05
   7.3177100e+05
   7.3177200e+05
   7.3177300e+05
   7.3177600e+05
   7.3177700e+05
   7.3177800e+05
   7.3177900e+05
   7.3178000e+05
   7.3178300e+05
   7.3178400e+05
   7.3178500e+05
   7.3178600e+05
   7.3178700e+05
   7.3179000e+05
   7.3179100e+05
   7.3179200e+05
   7.3179300e+05
   7.3179400e+05
   7.3179700e+05
   7.3179800e+05
   7.3179900e+05
   7.3180000e+05
   7.3180100e+05
   7.3180400e+05
   7.3180500e+05
   7.3180600e+05
   7.3180700e+05
   7.3180800e+05
   7.3181100e+05
   7.3181200e+05
   7.3181300e+05
   7.3181400e+05
   7.3181500e+05
   7.3181800e+05
   7.3181900e+05
   7.3182000e+05
   7.3182100e+05
   7.3182200e+05
   7.3182500e+05
   7.3182600e+05
   7.3182700e+05
   7.3182800e+05
   7.3182900e+05
   7.3183200e+05
   7.3183300e+05
   7.3183400e+05
   7.3183500e+05
   7.3183600e+05
   7.3183900e+05
   7.3184000e+05
   7.3184100e+05
   7.3184200e+05
   7.3184300e+05
   7.3184600e+05
   7.3184700e+05
   7.3184800e+05
   7.3184900e+05
   7.3185000e+05
   7.3185300e+05
   7.3185400e+05
   7.3185500e+05
   7.3185600e+05
   7.3185700e+05
   7.3186000e+05
   7.3186100e+05
   7.3186200e+05
   7.3186300e+05
   7.3186400e+05
   7.3186700e+05
   7.3186800e+05
   7.3186900e+05
   7.3187000e+05
   7.3187100e+05
   7.3187400e+05
   7.3187500e+05
   7.3187600e+05
   7.3187700e+05
   7.3187800e+05
   7.3188100e+05
   7.3188200e+05
   7.3188300e+05
   7.3188400e+05
   7.3188500e+05
   7.3188800e+05
   7.3188900e+05
   7.3189000e+05
   7.3189100e+05
   7.3189200e+05
   7.3189500e+05
   7.3189600e+05
   7.3189700e+05
   7.3189800e+05
   7.3189900e+05
   7.3190200e+05
   7.3190300e+05
   7.3190400e+05
   7.3190500e+05
   7.3190600e+05
   7.3190900e+05
   7.3191000e+05
   7.3191100e+05
   7.3191200e+05
   7.3191300e+05
   7.3191600e+05
   7.3191700e+05
   7.3191800e+05
   7.3191900e+05
   7.3192000e+05
   7.3192300e+05
   7.3192400e+05
   7.3192500e+05
   7.3192600e+05
   7.3192700e+05
   7.3193000e+05
   7.3193100e+05
   7.3193200e+05
   7.3193300e+05
   7.3193400e+05
   7.3193700e+05
   7.3193800e+05
   7.3194400e+05
   7.3194500e+05
   7.3194800e+05
   7.3195100e+05
   7.3195200e+05
   7.3195300e+05
   7.3195400e+05
   7.3195500e+05
   7.3195800e+05
   7.3195900e+05
   7.3196000e+05
   7.3196100e+05
   7.3196200e+05
   7.3196500e+05
   7.3196600e+05
   7.3196700e+05
   7.3196800e+05
   7.3196900e+05
   7.3197200e+05
   7.3197300e+05
   7.3197400e+05
   7.3197500e+05
   7.3197600e+05
   7.3197900e+05
   7.3198000e+05
   7.3198100e+05
   7.3198200e+05
   7.3198300e+05
   7.3198600e+05
   7.3198700e+05
   7.3198800e+05
   7.3198900e+05
   7.3199000e+05
   7.3199300e+05
   7.3199400e+05
   7.3199500e+05
   7.3199600e+05
   7.3199700e+05
   7.3200000e+05
   7.3200100e+05
   7.3200200e+05
   7.3200300e+05
   7.3200400e+05
   7.3200700e+05
   7.3200800e+05
   7.3200900e+05
   7.3201000e+05
   7.3201100e+05
   7.3201400e+05
   7.3201500e+05
   7.3201600e+05
   7.3201700e+05
   7.3201800e+05
   7.3202100e+05
   7.3202200e+05
   7.3202300e+05
   7.3202400e+05
   7.3202500e+05
   7.3202800e+05
   7.3202900e+05
   7.3203000e+05
   7.3203100e+05
   7.3203200e+05
   7.3203500e+05
   7.3203600e+05
   7.3203700e+05
   7.3203800e+05
   7.3203900e+05
   7.3204200e+05
   7.3204300e+05
   7.3204400e+05
   7.3204500e+05
   7.3205000e+05
   7.3205100e+05
   7.3205200e+05
   7.3205300e+05
   7.3205600e+05
   7.3205700e+05
   7.3205800e+05
   7.3205900e+05
   7.3206000e+05
   7.3206300e+05
   7.3206400e+05
   7.3206500e+05
   7.3206600e+05
   7.3206700e+05
   7.3207000e+05
   7.3207100e+05
   7.3207200e+05
   7.3207300e+05
   7.3207400e+05
   7.3207700e+05
   7.3207800e+05
   7.3207900e+05
   7.3208000e+05
   7.3208100e+05
   7.3208400e+05
   7.3208500e+05
   7.3208600e+05
   7.3208700e+05
   7.3208800e+05
   7.3209100e+05
   7.3209200e+05
   7.3209300e+05
   7.3209400e+05
   7.3209500e+05
   7.3209800e+05
   7.3209900e+05
   7.3210000e+05
   7.3210100e+05
   7.3210200e+05
   7.3210500e+05
   7.3210600e+05
   7.3210700e+05
   7.3210800e+05
   7.3210900e+05
   7.3211200e+05
   7.3211300e+05
   7.3211400e+05
   7.3211500e+05
   7.3211600e+05
   7.3211900e+05
   7.3212000e+05
   7.3212100e+05
   7.3212200e+05
   7.3212300e+05
   7.3212600e+05
   7.3212700e+05
   7.3212800e+05
   7.3212900e+05
   7.3213000e+05
   7.3213300e+05
   7.3213400e+05
   7.3213500e+05
   7.3213600e+05
   7.3213700e+05
   7.3214000e+05
   7.3214100e+05
   7.3214200e+05
   7.3214300e+05
   7.3214400e+05
   7.3214700e+05
   7.3214800e+05
   7.3214900e+05
   7.3215000e+05
   7.3215100e+05
   7.3215400e+05
   7.3215500e+05
   7.3215600e+05
   7.3215700e+05
   7.3215800e+05
   7.3216100e+05
   7.3216200e+05
   7.3216300e+05
   7.3216400e+05
   7.3216500e+05
   7.3216800e+05
   7.3216900e+05
   7.3217000e+05
   7.3217100e+05
   7.3217200e+05
   7.3217500e+05
   7.3217600e+05
   7.3217700e+05
   7.3217800e+05
   7.3217900e+05
   7.3218200e+05
   7.3218300e+05
   7.3218400e+05
   7.3218500e+05
   7.3218600e+05
   7.3218900e+05
   7.3219000e+05
   7.3219100e+05
   7.3219200e+05
   7.3219300e+05
   7.3219600e+05
   7.3219700e+05
   7.3219800e+05
   7.3219900e+05
   7.3220000e+05
   7.3220300e+05
   7.3220400e+05
   7.3220500e+05
   7.3220600e+05
   7.3220700e+05
   7.3221000e+05
   7.3221100e+05
   7.3221200e+05
   7.3221300e+05
   7.3221400e+05
   7.3221700e+05
   7.3221800e+05
   7.3221900e+05
   7.3222000e+05
   7.3222100e+05
   7.3222400e+05
   7.3222500e+05
   7.3222600e+05
   7.3222700e+05
   7.3222800e+05
   7.3223100e+05
   7.3223200e+05
   7.3223300e+05
   7.3223400e+05
   7.3223500e+05
   7.3223800e+05
   7.3223900e+05
   7.3224000e+05
   7.3224100e+05
   7.3224200e+05
   7.3224500e+05
   7.3224600e+05
   7.3224700e+05
   7.3224800e+05
   7.3224900e+05
   7.3225200e+05
   7.3225300e+05
   7.3225400e+05
   7.3225500e+05
   7.3225600e+05
   7.3225900e+05
   7.3226000e+05
   7.3226100e+05
   7.3226200e+05
   7.3226300e+05
   7.3226600e+05
   7.3226700e+05
   7.3226800e+05
   7.3226900e+05
   7.3227000e+05
   7.3227300e+05
   7.3227400e+05
   7.3227500e+05
   7.3227600e+05
   7.3227700e+05
   7.3228000e+05
   7.3228100e+05
   7.3228200e+05
   7.3228300e+05
   7.3228400e+05
   7.3228700e+05
   7.3228800e+05
   7.3228900e+05
   7.3229000e+05
   7.3229100e+05
   7.3229400e+05
   7.3229500e+05
   7.3229600e+05
   7.3229700e+05
   7.3229800e+05
   7.3230100e+05
   7.3230200e+05
   7.3230300e+05
   7.3230400e+05
   7.3230800e+05
   7.3230900e+05
   7.3231000e+05
   7.3231100e+05
   7.3231500e+05
   7.3231600e+05
   7.3231700e+05
   7.3231800e+05
   7.3231900e+05
   7.3232200e+05
   7.3232300e+05
   7.3232400e+05
   7.3232500e+05
   7.3232600e+05
   7.3232900e+05
   7.3233000e+05
   7.3233100e+05
   7.3233200e+05
   7.3233300e+05
   7.3233600e+05
   7.3233700e+05
   7.3233800e+05
   7.3233900e+05
   7.3234000e+05
   7.3234300e+05
   7.3234400e+05
   7.3234500e+05
   7.3234600e+05
   7.3234700e+05
   7.3235000e+05
   7.3235100e+05
   7.3235200e+05
   7.3235300e+05
   7.3235400e+05
   7.3235700e+05
   7.3235800e+05
   7.3235900e+05
   7.3236000e+05
   7.3236100e+05
   7.3236400e+05
   7.3236500e+05
   7.3236600e+05
   7.3236700e+05
   7.3236800e+05
   7.3237100e+05
   7.3237200e+05
   7.3237300e+05
   7.3237400e+05
   7.3237500e+05
   7.3237800e+05
   7.3237900e+05
   7.3238000e+05
   7.3238100e+05
   7.3238200e+05
   7.3238500e+05
   7.3238600e+05
   7.3238700e+05
   7.3238800e+05
   7.3238900e+05
   7.3239200e+05
   7.3239300e+05
   7.3239400e+05
   7.3239500e+05
   7.3240000e+05
   7.3240100e+05
   7.3240200e+05
   7.3240300e+05
   7.3240600e+05
   7.3240700e+05
   7.3240800e+05
   7.3240900e+05
   7.3241000e+05
   7.3241300e+05
   7.3241400e+05
   7.3241500e+05
   7.3241600e+05
   7.3241700e+05
   7.3242000e+05
   7.3242100e+05
   7.3242200e+05
   7.3242300e+05
   7.3242400e+05
   7.3242700e+05
   7.3242800e+05
   7.3242900e+05
   7.3243000e+05
   7.3243100e+05
   7.3243400e+05
   7.3243500e+05
   7.3243600e+05
   7.3243700e+05
   7.3243800e+05
   7.3244100e+05
   7.3244200e+05
   7.3244300e+05
   7.3244400e+05
   7.3244500e+05
   7.3244800e+05
   7.3244900e+05
   7.3245000e+05
   7.3245100e+05
   7.3245200e+05
   7.3245500e+05
   7.3245600e+05
   7.3245700e+05
   7.3245800e+05
   7.3245900e+05
   7.3246200e+05
   7.3246300e+05
   7.3246400e+05
   7.3246500e+05
   7.3246600e+05
   7.3246900e+05
   7.3247000e+05
   7.3247100e+05
   7.3247200e+05
   7.3247300e+05
   7.3247600e+05
   7.3247700e+05
   7.3247800e+05
   7.3247900e+05
   7.3248000e+05
   7.3248300e+05
   7.3248400e+05
   7.3248500e+05
   7.3248600e+05
   7.3248700e+05
   7.3249000e+05
   7.3249100e+05
   7.3249200e+05
   7.3249300e+05
   7.3249400e+05
   7.3249700e+05
   7.3249800e+05
   7.3249900e+05
   7.3250000e+05
   7.3250100e+05
   7.3250400e+05
   7.3250500e+05
   7.3250600e+05
   7.3250700e+05
   7.3250800e+05
   7.3251100e+05
   7.3251200e+05
   7.3251300e+05
   7.3251400e+05
   7.3251500e+05
   7.3251800e+05
   7.3251900e+05
   7.3252000e+05
   7.3252100e+05
   7.3252200e+05
   7.3252500e+05
   7.3252600e+05
   7.3252700e+05
   7.3252800e+05
   7.3252900e+05
   7.3253200e+05
   7.3253300e+05
   7.3253400e+05
   7.3253500e+05
   7.3253600e+05
   7.3253900e+05
   7.3254000e+05
   7.3254100e+05
   7.3254200e+05
   7.3254300e+05
   7.3254600e+05
   7.3254700e+05
   7.3254800e+05
   7.3254900e+05
   7.3255000e+05
   7.3255300e+05
   7.3255400e+05
   7.3255500e+05
   7.3255600e+05
   7.3255700e+05
   7.3256000e+05
   7.3256100e+05
   7.3256200e+05
   7.3256300e+05
   7.3256400e+05
   7.3256700e+05
   7.3256800e+05
   7.3256900e+05
   7.3257000e+05
   7.3257100e+05
   7.3257400e+05
   7.3257500e+05
   7.3257600e+05
   7.3257700e+05
   7.3257800e+05
   7.3258100e+05
   7.3258200e+05
   7.3258300e+05
   7.3258400e+05
   7.3258500e+05
   7.3258800e+05
   7.3258900e+05
   7.3259000e+05
   7.3259100e+05
   7.3259200e+05
   7.3259500e+05
   7.3259600e+05
   7.3259700e+05
   7.3259800e+05
   7.3259900e+05
   7.3260200e+05
   7.3260300e+05
   7.3260400e+05
   7.3260500e+05
   7.3260600e+05
   7.3260900e+05
   7.3261000e+05
   7.3261100e+05
   7.3261200e+05
   7.3261300e+05
   7.3261600e+05
   7.3261700e+05
   7.3261800e+05
   7.3261900e+05
   7.3262000e+05
   7.3262300e+05
   7.3262400e+05
   7.3262500e+05
   7.3262600e+05
   7.3262700e+05
   7.3263000e+05
   7.3263100e+05
   7.3263200e+05
   7.3263300e+05
   7.3263400e+05
   7.3263700e+05
   7.3263800e+05
   7.3263900e+05
   7.3264000e+05
   7.3264100e+05
   7.3264400e+05
   7.3264500e+05
   7.3264600e+05
   7.3264700e+05
   7.3264800e+05
   7.3265100e+05
   7.3265200e+05
   7.3265300e+05
   7.3265400e+05
   7.3265500e+05
   7.3265800e+05
   7.3265900e+05
   7.3266000e+05
   7.3266100e+05
   7.3266200e+05
   7.3266500e+05
   7.3266600e+05
   7.3266700e+05
   7.3266800e+05
   7.3266900e+05
   7.3267300e+05
   7.3267400e+05
   7.3267500e+05
   7.3267600e+05
   7.3267900e+05
   7.3268000e+05
   7.3268100e+05
   7.3268200e+05
   7.3268300e+05
   7.3268600e+05
   7.3268700e+05
   7.3268800e+05
   7.3268900e+05
   7.3269000e+05
   7.3269300e+05
   7.3269400e+05
   7.3269500e+05
   7.3269600e+05
   7.3269700e+05
   7.3270000e+05
   7.3270100e+05
   7.3270200e+05
   7.3270300e+05
   7.3270400e+05
   7.3270700e+05
   7.3270800e+05
   7.3270900e+05
   7.3271000e+05
   7.3271100e+05
   7.3271400e+05
   7.3271500e+05
   7.3271600e+05
   7.3271700e+05
   7.3271800e+05
   7.3272100e+05
   7.3272200e+05
   7.3272300e+05
   7.3272400e+05
   7.3272500e+05
   7.3272800e+05
   7.3272900e+05
   7.3273000e+05
   7.3273100e+05
   7.3273200e+05
   7.3273500e+05
   7.3273600e+05
   7.3273700e+05
   7.3273800e+05
   7.3273900e+05
   7.3274200e+05
   7.3274300e+05
   7.3274400e+05
   7.3274500e+05
   7.3274600e+05
   7.3274900e+05
   7.3275000e+05
   7.3275100e+05
   7.3275200e+05
   7.3275300e+05
   7.3275600e+05
   7.3275700e+05
   7.3275800e+05
   7.3275900e+05
   7.3276000e+05
   7.3276300e+05
   7.3276400e+05
   7.3276500e+05
   7.3276600e+05
   7.3276700e+05
   7.3277000e+05
   7.3277100e+05
   7.3277200e+05
   7.3277300e+05
   7.3277400e+05
   7.3277700e+05
   7.3277800e+05
   7.3277900e+05
   7.3278000e+05
   7.3278500e+05
   7.3278600e+05
   7.3278700e+05
   7.3278800e+05
   7.3279100e+05
   7.3279200e+05
   7.3279300e+05
   7.3279400e+05
   7.3279500e+05
   7.3279900e+05
   7.3280000e+05
   7.3280100e+05
   7.3280200e+05
   7.3280500e+05
   7.3280600e+05
   7.3280700e+05
   7.3280800e+05
   7.3280900e+05
   7.3281200e+05
   7.3281300e+05
   7.3281400e+05
   7.3281500e+05
   7.3281600e+05
   7.3281900e+05
   7.3282000e+05
   7.3282100e+05
   7.3282200e+05
   7.3282300e+05
   7.3282600e+05
   7.3282700e+05
   7.3282800e+05
   7.3282900e+05
   7.3283000e+05
   7.3283300e+05
   7.3283400e+05
   7.3283500e+05
   7.3283600e+05
   7.3283700e+05
   7.3284000e+05
   7.3284100e+05
   7.3284200e+05
   7.3284300e+05
   7.3284400e+05
   7.3284700e+05
   7.3284800e+05
   7.3284900e+05
   7.3285000e+05
   7.3285100e+05
   7.3285400e+05
   7.3285500e+05
   7.3285600e+05
   7.3285700e+05
   7.3285800e+05
   7.3286100e+05
   7.3286200e+05
   7.3286300e+05
   7.3286400e+05
   7.3286500e+05
   7.3286800e+05
   7.3286900e+05
   7.3287000e+05
   7.3287100e+05
   7.3287200e+05
   7.3287500e+05
   7.3287600e+05
   7.3287700e+05
   7.3287800e+05
   7.3287900e+05
   7.3288200e+05
   7.3288300e+05
   7.3288400e+05
   7.3288500e+05
   7.3288600e+05
   7.3288900e+05
   7.3289000e+05
   7.3289100e+05
   7.3289200e+05
   7.3289300e+05
   7.3289600e+05
   7.3289700e+05
   7.3289800e+05
   7.3289900e+05
   7.3290000e+05
   7.3290300e+05
   7.3290400e+05
   7.3290500e+05
   7.3290600e+05
   7.3290700e+05
   7.3291000e+05
   7.3291100e+05
   7.3291200e+05
   7.3291300e+05
   7.3291400e+05
   7.3291700e+05
   7.3291800e+05
   7.3291900e+05
   7.3292000e+05
   7.3292100e+05
   7.3292400e+05
   7.3292500e+05
   7.3292600e+05
   7.3292700e+05
   7.3292800e+05
   7.3293100e+05
   7.3293200e+05
   7.3293300e+05
   7.3293400e+05
   7.3293500e+05
   7.3293800e+05
   7.3293900e+05
   7.3294000e+05
   7.3294100e+05
   7.3294200e+05
   7.3294500e+05
   7.3294600e+05
   7.3294700e+05
   7.3294800e+05
   7.3294900e+05
   7.3295200e+05
   7.3295300e+05
   7.3295400e+05
   7.3295500e+05
   7.3295600e+05
   7.3295900e+05
   7.3296000e+05
   7.3296100e+05
   7.3296200e+05
   7.3296300e+05
   7.3296600e+05
   7.3296700e+05
   7.3296800e+05
   7.3296900e+05
   7.3297000e+05
   7.3297300e+05
   7.3297400e+05
   7.3297500e+05
   7.3297600e+05
   7.3297700e+05
   7.3298000e+05
   7.3298100e+05
   7.3298200e+05
   7.3298300e+05
   7.3298400e+05
   7.3298700e+05
   7.3298800e+05
   7.3298900e+05
   7.3299000e+05
   7.3299100e+05
   7.3299400e+05
   7.3299500e+05
   7.3299600e+05
   7.3299700e+05
   7.3299800e+05
   7.3300100e+05
   7.3300200e+05
   7.3300300e+05
   7.3300400e+05
   7.3300500e+05
   7.3300800e+05
   7.3300900e+05
   7.3301000e+05
   7.3301100e+05
   7.3301200e+05
   7.3301500e+05
   7.3301600e+05
   7.3301700e+05
   7.3301800e+05
   7.3301900e+05
   7.3302200e+05
   7.3302300e+05
   7.3302400e+05
   7.3302500e+05
   7.3302600e+05
   7.3302900e+05
   7.3303000e+05
   7.3303100e+05
   7.3303200e+05
   7.3303300e+05
   7.3303800e+05
   7.3303900e+05
   7.3304000e+05
   7.3304400e+05
   7.3304500e+05
   7.3304600e+05
   7.3304700e+05
   7.3305000e+05
   7.3305100e+05
   7.3305200e+05
   7.3305300e+05
   7.3305400e+05
   7.3305700e+05
   7.3305800e+05
   7.3305900e+05
   7.3306000e+05
   7.3306100e+05
   7.3306400e+05
   7.3306500e+05
   7.3306600e+05
   7.3306700e+05
   7.3306800e+05
   7.3307100e+05
   7.3307200e+05
   7.3307300e+05
   7.3307400e+05
   7.3307500e+05
   7.3307800e+05
   7.3307900e+05
   7.3308000e+05
   7.3308100e+05
   7.3308200e+05
   7.3308500e+05
   7.3308600e+05
   7.3308700e+05
   7.3308800e+05
   7.3308900e+05
   7.3309200e+05
   7.3309300e+05
   7.3309400e+05
   7.3309500e+05
   7.3309600e+05
   7.3309900e+05
   7.3310000e+05
   7.3310100e+05
   7.3310200e+05
   7.3310300e+05
   7.3310600e+05
   7.3310700e+05
   7.3310800e+05
   7.3310900e+05
   7.3311000e+05
   7.3311300e+05
   7.3311400e+05
   7.3311500e+05
   7.3311600e+05
   7.3311700e+05
   7.3312000e+05
   7.3312100e+05
   7.3312200e+05
   7.3312300e+05
   7.3312400e+05
   7.3312700e+05
   7.3312800e+05
   7.3312900e+05
   7.3313000e+05
   7.3313100e+05
   7.3313400e+05
   7.3313500e+05
   7.3313600e+05
   7.3313700e+05
   7.3314200e+05
   7.3314300e+05
   7.3314400e+05
   7.3314500e+05
   7.3314800e+05
   7.3314900e+05
   7.3315000e+05
   7.3315100e+05
   7.3315200e+05
   7.3315500e+05
   7.3315600e+05
   7.3315700e+05
   7.3315800e+05
   7.3315900e+05
   7.3316200e+05
   7.3316400e+05
   7.3316500e+05
   7.3316600e+05
   7.3316900e+05
   7.3317000e+05
   7.3317100e+05
   7.3317200e+05
   7.3317300e+05
   7.3317600e+05
   7.3317700e+05
   7.3317800e+05
   7.3317900e+05
   7.3318000e+05
   7.3318300e+05
   7.3318400e+05
   7.3318500e+05
   7.3318600e+05
   7.3318700e+05
   7.3319000e+05
   7.3319100e+05
   7.3319200e+05
   7.3319300e+05
   7.3319400e+05
   7.3319700e+05
   7.3319800e+05
   7.3319900e+05
   7.3320000e+05
   7.3320100e+05
   7.3320400e+05
   7.3320500e+05
   7.3320600e+05
   7.3320700e+05
   7.3320800e+05
   7.3321100e+05
   7.3321200e+05
   7.3321300e+05
   7.3321400e+05
   7.3321500e+05
   7.3321800e+05
   7.3321900e+05
   7.3322000e+05
   7.3322100e+05
   7.3322200e+05
   7.3322500e+05
   7.3322600e+05
   7.3322700e+05
   7.3322800e+05
   7.3322900e+05
   7.3323200e+05
   7.3323300e+05
   7.3323400e+05
   7.3323500e+05
   7.3323600e+05
   7.3323900e+05
   7.3324000e+05
   7.3324100e+05
   7.3324200e+05
   7.3324300e+05
   7.3324600e+05
   7.3324700e+05
   7.3324800e+05
   7.3324900e+05
   7.3325000e+05
   7.3325300e+05
   7.3325400e+05
   7.3325500e+05
   7.3325600e+05
   7.3325700e+05
   7.3326000e+05
   7.3326100e+05
   7.3326200e+05
   7.3326300e+05
   7.3326400e+05
   7.3326700e+05
   7.3326800e+05
   7.3326900e+05
   7.3327000e+05
   7.3327100e+05
   7.3327400e+05
   7.3327500e+05
   7.3327600e+05
   7.3327700e+05
   7.3327800e+05
   7.3328100e+05
   7.3328200e+05
   7.3328300e+05
   7.3328400e+05
   7.3328500e+05
   7.3328800e+05
   7.3328900e+05
   7.3329000e+05
   7.3329100e+05
   7.3329200e+05
   7.3329500e+05
   7.3329600e+05
   7.3329700e+05
   7.3329800e+05
   7.3329900e+05
   7.3330200e+05
   7.3330300e+05
   7.3330400e+05
   7.3330500e+05
   7.3330600e+05
   7.3330900e+05
   7.3331000e+05
   7.3331100e+05
   7.3331200e+05
   7.3331300e+05
   7.3331600e+05
   7.3331700e+05
   7.3331800e+05
   7.3331900e+05
   7.3332000e+05
   7.3332300e+05
   7.3332400e+05
   7.3332500e+05
   7.3332600e+05
   7.3332700e+05
   7.3333000e+05
   7.3333100e+05
   7.3333200e+05
   7.3333300e+05
   7.3333400e+05
   7.3333700e+05
   7.3333800e+05
   7.3333900e+05
   7.3334000e+05
   7.3334100e+05
   7.3334400e+05
   7.3334500e+05
   7.3334600e+05
   7.3334700e+05
   7.3334800e+05
   7.3335100e+05
   7.3335200e+05
   7.3335300e+05
   7.3335400e+05
   7.3335500e+05
   7.3335800e+05
   7.3335900e+05
   7.3336000e+05
   7.3336100e+05
   7.3336200e+05
   7.3336500e+05
   7.3336600e+05
   7.3336700e+05
   7.3336800e+05
   7.3336900e+05
   7.3337200e+05
   7.3337300e+05
   7.3337400e+05
   7.3337500e+05
   7.3337600e+05
   7.3337900e+05
   7.3338000e+05
   7.3338100e+05
   7.3338200e+05
   7.3338300e+05
   7.3338600e+05
   7.3338700e+05
   7.3338800e+05
   7.3338900e+05
   7.3339000e+05
   7.3339300e+05
   7.3339400e+05
   7.3339500e+05
   7.3339600e+05
   7.3339700e+05
   7.3340000e+05
   7.3340300e+05
   7.3340400e+05
   7.3340700e+05
   7.3340900e+05
   7.3341000e+05
   7.3341100e+05
   7.3341400e+05
   7.3341500e+05
   7.3341600e+05
   7.3341700e+05
   7.3341800e+05
   7.3342100e+05
   7.3342200e+05
   7.3342300e+05
   7.3342400e+05
   7.3342500e+05
   7.3342800e+05
   7.3342900e+05
   7.3343000e+05
   7.3343100e+05
   7.3343200e+05
   7.3343500e+05
   7.3343600e+05
   7.3343700e+05
   7.3343800e+05
   7.3343900e+05
   7.3344200e+05
   7.3344300e+05
   7.3344400e+05
   7.3344500e+05
   7.3344600e+05
   7.3344900e+05
   7.3345000e+05
   7.3345100e+05
   7.3345200e+05
   7.3345300e+05
   7.3345600e+05
   7.3345700e+05
   7.3345800e+05
   7.3345900e+05
   7.3346000e+05
   7.3346300e+05
   7.3346400e+05
   7.3346500e+05
   7.3346600e+05
   7.3346700e+05
   7.3347000e+05
   7.3347100e+05
   7.3347200e+05
   7.3347300e+05
   7.3347400e+05
   7.3347700e+05
   7.3347800e+05
   7.3347900e+05
   7.3348000e+05
   7.3348100e+05
   7.3348400e+05
   7.3348500e+05
   7.3348600e+05
   7.3348700e+05
   7.3349200e+05
   7.3349300e+05
   7.3349400e+05
   7.3349500e+05
   7.3349800e+05
   7.3349900e+05
   7.3350000e+05
   7.3350100e+05
   7.3350200e+05
   7.3350500e+05
   7.3350600e+05
   7.3350700e+05
   7.3350800e+05
   7.3350900e+05
   7.3351200e+05
   7.3351300e+05
   7.3351400e+05
   7.3351500e+05
   7.3351600e+05
   7.3351900e+05
   7.3352000e+05
   7.3352100e+05
   7.3352200e+05
   7.3352300e+05
   7.3352600e+05
   7.3352700e+05
   7.3352800e+05
   7.3353000e+05
   7.3353300e+05
   7.3353400e+05
   7.3353500e+05
   7.3353600e+05
   7.3353700e+05
   7.3354000e+05
   7.3354100e+05
   7.3354200e+05
   7.3354300e+05
   7.3354400e+05
   7.3354700e+05
   7.3354800e+05
   7.3354900e+05
   7.3355000e+05
   7.3355100e+05
   7.3355400e+05
   7.3355500e+05
   7.3355600e+05
   7.3355700e+05
   7.3355800e+05
   7.3356100e+05
   7.3356200e+05
   7.3356300e+05
   7.3356400e+05
   7.3356500e+05
   7.3356800e+05
   7.3356900e+05
   7.3357000e+05
   7.3357100e+05
   7.3357200e+05
   7.3357500e+05
   7.3357600e+05
   7.3357700e+05
   7.3357800e+05
   7.3357900e+05
   7.3358200e+05
   7.3358300e+05
   7.3358400e+05
   7.3358500e+05
   7.3358600e+05
   7.3358900e+05
   7.3359000e+05
   7.3359100e+05
   7.3359200e+05
   7.3359300e+05
   7.3359600e+05
   7.3359700e+05
   7.3359800e+05
   7.3359900e+05
   7.3360000e+05
   7.3360300e+05
   7.3360400e+05
   7.3360500e+05
   7.3360600e+05
   7.3360700e+05
   7.3361000e+05
   7.3361100e+05
   7.3361200e+05
   7.3361300e+05
   7.3361400e+05
   7.3361700e+05
   7.3361800e+05
   7.3361900e+05
   7.3362000e+05
   7.3362100e+05
   7.3362400e+05
   7.3362500e+05
   7.3362600e+05
   7.3362700e+05
   7.3362800e+05
   7.3363100e+05
   7.3363200e+05
   7.3363300e+05
   7.3363400e+05
   7.3363500e+05
   7.3363800e+05
   7.3363900e+05
   7.3364000e+05
   7.3364100e+05
   7.3364200e+05
   7.3364500e+05
   7.3364600e+05
   7.3364700e+05
   7.3364800e+05
   7.3364900e+05
   7.3365200e+05
   7.3365300e+05
   7.3365400e+05
   7.3365500e+05
   7.3365600e+05
   7.3365900e+05
   7.3366000e+05
   7.3366100e+05
   7.3366200e+05
   7.3366300e+05
   7.3366600e+05
   7.3366700e+05
   7.3366800e+05
   7.3366900e+05
   7.3367000e+05
   7.3367300e+05
   7.3367400e+05
   7.3367500e+05
   7.3367600e+05
   7.3367700e+05
   7.3368000e+05
   7.3368100e+05
   7.3368200e+05
   7.3368300e+05
   7.3368400e+05
   7.3368700e+05
   7.3368800e+05
   7.3368900e+05
   7.3369000e+05
   7.3369100e+05
   7.3369400e+05
   7.3369500e+05
   7.3369600e+05
   7.3369700e+05
   7.3369800e+05
   7.3370100e+05
   7.3370200e+05
   7.3370300e+05
   7.3370400e+05
   7.3370500e+05
   7.3370800e+05
   7.3370900e+05
   7.3371000e+05
   7.3371100e+05
   7.3371200e+05
   7.3371500e+05
   7.3371600e+05
   7.3371700e+05
   7.3371800e+05
   7.3371900e+05
   7.3372200e+05
   7.3372300e+05
   7.3372400e+05
   7.3372500e+05
   7.3372600e+05
   7.3372900e+05
   7.3373000e+05
   7.3373100e+05
   7.3373200e+05
   7.3373300e+05
   7.3373600e+05
   7.3373700e+05
   7.3373800e+05
   7.3373900e+05
   7.3374000e+05
   7.3374300e+05
   7.3374400e+05
   7.3374500e+05
   7.3374600e+05
   7.3374700e+05
   7.3375000e+05
   7.3375100e+05
   7.3375200e+05
   7.3375300e+05
   7.3375400e+05
   7.3375700e+05
   7.3375800e+05
   7.3375900e+05
   7.3376000e+05
   7.3376100e+05
   7.3376400e+05
   7.3376500e+05
   7.3376600e+05
   7.3377100e+05
   7.3377200e+05
   7.3377300e+05
   7.3377500e+05
   7.3377800e+05
   7.3377900e+05
   7.3378000e+05
   7.3378100e+05
   7.3378200e+05
   7.3378500e+05
   7.3378600e+05
   7.3378700e+05
   7.3378800e+05
   7.3378900e+05
   7.3379200e+05
   7.3379300e+05
   7.3379400e+05
   7.3379500e+05
   7.3379600e+05
   7.3379900e+05
   7.3380000e+05
   7.3380100e+05
   7.3380200e+05
   7.3380300e+05
   7.3380600e+05
   7.3380700e+05
   7.3380800e+05
   7.3380900e+05
   7.3381000e+05
   7.3381300e+05
   7.3381400e+05
   7.3381500e+05
   7.3381600e+05
   7.3381700e+05
   7.3382000e+05
   7.3382100e+05
   7.3382200e+05
   7.3382300e+05
   7.3382400e+05
   7.3382700e+05
   7.3382800e+05
   7.3382900e+05
   7.3383000e+05
   7.3383100e+05
   7.3383400e+05
   7.3383500e+05
   7.3383600e+05
   7.3383700e+05
   7.3383800e+05
   7.3384100e+05
   7.3384200e+05
   7.3384300e+05
   7.3384400e+05
   7.3384500e+05
   7.3384800e+05
   7.3384900e+05
   7.3385000e+05
   7.3385100e+05
   7.3385200e+05
   7.3385500e+05
   7.3385600e+05
   7.3385700e+05
   7.3385800e+05
   7.3385900e+05
   7.3386200e+05
   7.3386300e+05
   7.3386400e+05
   7.3386500e+05
   7.3386600e+05
   7.3386900e+05
   7.3387000e+05
   7.3387100e+05
   7.3387200e+05
   7.3387700e+05
   7.3387800e+05
   7.3387900e+05
   7.3388000e+05
   7.3388300e+05
   7.3388400e+05
   7.3388500e+05
   7.3388600e+05
   7.3388700e+05
   7.3389000e+05
   7.3389100e+05
   7.3389200e+05
   7.3389300e+05
   7.3389700e+05
   7.3389800e+05
   7.3389900e+05
   7.3390000e+05
   7.3390100e+05
   7.3390400e+05
   7.3390500e+05
   7.3390600e+05
   7.3390700e+05
   7.3390800e+05
   7.3391100e+05
   7.3391200e+05
   7.3391300e+05
   7.3391400e+05
   7.3391500e+05
   7.3391800e+05
   7.3391900e+05
   7.3392000e+05
   7.3392100e+05
   7.3392200e+05
   7.3392500e+05
   7.3392600e+05
   7.3392700e+05
   7.3392800e+05
   7.3392900e+05
   7.3393200e+05
   7.3393300e+05
   7.3393400e+05
   7.3393500e+05
   7.3393600e+05
   7.3393900e+05
   7.3394000e+05
   7.3394100e+05
   7.3394200e+05
   7.3394300e+05
   7.3394600e+05
   7.3394700e+05
   7.3394800e+05
   7.3394900e+05
   7.3395000e+05
   7.3395300e+05
   7.3395400e+05
   7.3395500e+05
   7.3395600e+05
   7.3395700e+05
   7.3396000e+05
   7.3396100e+05
   7.3396200e+05
   7.3396300e+05
   7.3396400e+05
   7.3396700e+05
   7.3396800e+05
   7.3396900e+05
   7.3397000e+05
   7.3397100e+05
   7.3397400e+05
   7.3397500e+05
   7.3397600e+05
   7.3397700e+05
   7.3397800e+05
   7.3398100e+05
   7.3398200e+05
   7.3398300e+05
   7.3398400e+05
   7.3398500e+05
   7.3398800e+05
   7.3398900e+05
   7.3399000e+05
   7.3399100e+05
   7.3399200e+05
   7.3399500e+05
   7.3399600e+05
   7.3399700e+05
   7.3399800e+05
   7.3399900e+05
   7.3400200e+05
   7.3400300e+05
   7.3400400e+05
   7.3400500e+05
   7.3400600e+05
   7.3400900e+05
   7.3401000e+05
   7.3401100e+05
   7.3401200e+05
   7.3401300e+05
   7.3401600e+05
   7.3401700e+05
   7.3401800e+05
   7.3401900e+05
   7.3402000e+05
   7.3402300e+05
   7.3402400e+05
   7.3402500e+05
   7.3402600e+05
   7.3402700e+05
   7.3403000e+05
   7.3403100e+05
   7.3403200e+05
   7.3403300e+05
   7.3403400e+05
   7.3403700e+05
   7.3403800e+05
   7.3403900e+05
   7.3404000e+05
   7.3404100e+05
   7.3404400e+05
   7.3404500e+05
   7.3404600e+05
   7.3404700e+05
   7.3404800e+05
   7.3405100e+05
   7.3405200e+05
   7.3405300e+05
   7.3405400e+05
   7.3405500e+05
   7.3405800e+05
   7.3405900e+05
   7.3406000e+05
   7.3406100e+05
   7.3406200e+05
   7.3406500e+05
   7.3406600e+05
   7.3406700e+05
   7.3406800e+05
   7.3406900e+05
   7.3407200e+05
   7.3407300e+05
   7.3407400e+05
   7.3407500e+05
   7.3407600e+05
   7.3407900e+05
   7.3408000e+05
   7.3408100e+05
   7.3408200e+05
   7.3408300e+05
   7.3408600e+05
   7.3408700e+05
   7.3408800e+05
   7.3408900e+05
   7.3409000e+05
   7.3409300e+05
   7.3409400e+05
   7.3409500e+05
   7.3409600e+05
   7.3409700e+05
   7.3410000e+05
   7.3410100e+05
   7.3410200e+05
   7.3410300e+05
   7.3410400e+05
   7.3410700e+05
   7.3410800e+05
   7.3410900e+05
   7.3411000e+05
   7.3411100e+05
   7.3411400e+05
   7.3411500e+05
   7.3411600e+05
   7.3411700e+05
   7.3411800e+05
   7.3412100e+05
   7.3412200e+05
   7.3412300e+05
   7.3412400e+05
   7.3412500e+05
   7.3412800e+05
   7.3412900e+05
   7.3413000e+05
   7.3413100e+05
   7.3413500e+05
   7.3413600e+05
   7.3413700e+05
   7.3413800e+05
   7.3414200e+05
   7.3414300e+05
   7.3414400e+05
   7.3414500e+05
   7.3414600e+05
   7.3414900e+05
   7.3415000e+05
   7.3415100e+05
   7.3415200e+05
   7.3415300e+05
   7.3415600e+05
   7.3415700e+05
   7.3415800e+05
   7.3415900e+05
   7.3416000e+05
   7.3416300e+05
   7.3416400e+05
   7.3416500e+05
   7.3416600e+05
   7.3416700e+05
   7.3417000e+05
   7.3417100e+05
   7.3417200e+05
   7.3417300e+05
   7.3417400e+05
   7.3417700e+05
   7.3417800e+05
   7.3417900e+05
   7.3418000e+05
   7.3418100e+05
   7.3418400e+05
   7.3418500e+05
   7.3418600e+05
   7.3418700e+05
   7.3418800e+05
   7.3419100e+05
   7.3419200e+05
   7.3419300e+05
   7.3419400e+05
   7.3419500e+05
   7.3419800e+05
   7.3419900e+05
   7.3420000e+05
   7.3420100e+05
   7.3420200e+05
   7.3420500e+05
   7.3420600e+05
   7.3420700e+05
   7.3420800e+05
   7.3420900e+05
   7.3421200e+05
   7.3421300e+05
   7.3421400e+05
   7.3421500e+05
   7.3421600e+05
   7.3421900e+05
   7.3422000e+05
   7.3422100e+05
   7.3422200e+05
   7.3422300e+05
   7.3422600e+05
   7.3422700e+05
   7.3422800e+05
   7.3422900e+05
   7.3423400e+05
   7.3423500e+05
   7.3423600e+05
   7.3423700e+05
   7.3424000e+05
   7.3424100e+05
   7.3424200e+05
   7.3424300e+05
   7.3424400e+05
   7.3424700e+05
   7.3424800e+05
   7.3424900e+05
   7.3425000e+05
   7.3425100e+05
   7.3425400e+05
   7.3425500e+05
   7.3425600e+05
   7.3425700e+05
   7.3425800e+05
   7.3426100e+05
   7.3426200e+05
   7.3426300e+05
   7.3426400e+05
   7.3426500e+05
   7.3426800e+05
   7.3426900e+05
   7.3427000e+05
   7.3427100e+05
   7.3427200e+05
   7.3427500e+05
   7.3427600e+05
   7.3427700e+05
   7.3427800e+05
   7.3427900e+05
   7.3428200e+05
   7.3428300e+05
   7.3428400e+05
   7.3428500e+05
   7.3428600e+05
   7.3428900e+05
   7.3429000e+05
   7.3429100e+05
   7.3429200e+05
   7.3429300e+05
   7.3429600e+05
   7.3429700e+05
   7.3429800e+05
   7.3429900e+05
   7.3430000e+05
   7.3430300e+05
   7.3430400e+05
   7.3430500e+05
   7.3430600e+05
   7.3430700e+05
   7.3431000e+05
   7.3431100e+05
   7.3431200e+05
   7.3431300e+05
   7.3431400e+05
   7.3431700e+05
   7.3431800e+05
   7.3431900e+05
   7.3432000e+05
   7.3432100e+05
   7.3432400e+05
   7.3432500e+05
   7.3432600e+05
   7.3432700e+05
   7.3432800e+05
   7.3433100e+05
   7.3433200e+05
   7.3433300e+05
   7.3433400e+05
   7.3433500e+05
   7.3433800e+05
   7.3433900e+05
   7.3434000e+05
   7.3434100e+05
   7.3434200e+05
   7.3434500e+05
   7.3434600e+05
   7.3434700e+05
   7.3434800e+05
   7.3434900e+05
   7.3435200e+05
   7.3435300e+05
   7.3435400e+05
   7.3435500e+05
   7.3435600e+05
   7.3435900e+05
   7.3436000e+05
   7.3436100e+05
   7.3436200e+05
   7.3436300e+05
   7.3436600e+05
   7.3436700e+05
   7.3436800e+05
   7.3436900e+05
   7.3437000e+05
   7.3437300e+05
   7.3437400e+05
   7.3437500e+05
   7.3437600e+05
   7.3437700e+05
   7.3438000e+05
   7.3438100e+05
   7.3438200e+05
   7.3438300e+05
   7.3438400e+05
   7.3438700e+05
   7.3438800e+05
   7.3438900e+05
   7.3439000e+05
   7.3439100e+05
   7.3439400e+05
   7.3439500e+05
   7.3439600e+05
   7.3439700e+05
   7.3439800e+05
   7.3440100e+05
   7.3440200e+05
   7.3440300e+05
   7.3440400e+05
   7.3440500e+05
   7.3440800e+05
   7.3440900e+05
   7.3441000e+05
   7.3441100e+05
   7.3441200e+05
   7.3441500e+05
   7.3441600e+05
   7.3441700e+05
   7.3441800e+05
   7.3441900e+05
   7.3442200e+05
   7.3442300e+05
   7.3442400e+05
   7.3442500e+05
   7.3442600e+05
   7.3442900e+05
   7.3443000e+05
   7.3443100e+05
   7.3443200e+05
   7.3443300e+05
   7.3443600e+05
   7.3443700e+05
   7.3443800e+05
   7.3443900e+05
   7.3444000e+05
   7.3444300e+05
   7.3444400e+05
   7.3444500e+05
   7.3444600e+05
   7.3444700e+05
   7.3445000e+05
   7.3445100e+05
   7.3445200e+05
   7.3445300e+05
   7.3445400e+05
   7.3445700e+05
   7.3445800e+05
   7.3445900e+05
   7.3446000e+05
   7.3446100e+05
   7.3446400e+05
   7.3446500e+05
   7.3446600e+05
   7.3446700e+05
   7.3446800e+05
   7.3447100e+05
   7.3447200e+05
   7.3447300e+05
   7.3447400e+05
   7.3447500e+05
   7.3447800e+05
   7.3447900e+05
   7.3448000e+05
   7.3448100e+05
   7.3448200e+05
   7.3448500e+05
   7.3448600e+05
   7.3448700e+05
   7.3448800e+05
   7.3448900e+05
   7.3449200e+05
   7.3449300e+05
   7.3449400e+05
   7.3449500e+05
   7.3449600e+05
   7.3449900e+05
   7.3450000e+05
   7.3450100e+05
   7.3450200e+05
   7.3450300e+05
   7.3450600e+05
   7.3450700e+05
   7.3450800e+05
   7.3450900e+05
   7.3451000e+05
   7.3451300e+05
   7.3451400e+05
   7.3451500e+05
   7.3451600e+05
   7.3451700e+05
   7.3452000e+05
   7.3452100e+05
   7.3452200e+05
   7.3452300e+05
   7.3452400e+05
   7.3452700e+05
   7.3452800e+05
   7.3452900e+05
   7.3453000e+05
   7.3453100e+05
   7.3453400e+05
   7.3453500e+05
   7.3453600e+05
   7.3453700e+05
   7.3453800e+05
   7.3454100e+05
   7.3454200e+05
   7.3454300e+05
   7.3454400e+05
   7.3454500e+05
   7.3454800e+05
   7.3454900e+05
   7.3455000e+05
   7.3455100e+05
   7.3455200e+05
   7.3455500e+05
   7.3455600e+05
   7.3455700e+05
   7.3455800e+05
   7.3455900e+05
   7.3456200e+05
   7.3456300e+05
   7.3456400e+05
   7.3456500e+05
   7.3456600e+05
   7.3456900e+05
   7.3457000e+05
   7.3457100e+05
   7.3457200e+05
   7.3457300e+05
   7.3457600e+05
   7.3457700e+05
   7.3457800e+05
   7.3457900e+05
   7.3458000e+05
   7.3458300e+05
   7.3458400e+05
   7.3458500e+05
   7.3458600e+05
   7.3458700e+05
   7.3459000e+05
   7.3459100e+05
   7.3459200e+05
   7.3459300e+05
   7.3459400e+05
   7.3459700e+05
   7.3459800e+05
   7.3459900e+05
   7.3460000e+05
   7.3460100e+05
   7.3460400e+05
   7.3460500e+05
   7.3460600e+05
   7.3460700e+05
   7.3460800e+05
   7.3461100e+05
   7.3461200e+05
   7.3461300e+05
   7.3461400e+05
   7.3461900e+05
   7.3462000e+05
   7.3462100e+05
   7.3462200e+05
   7.3462500e+05
   7.3462600e+05
   7.3462700e+05
   7.3462800e+05
   7.3462900e+05
   7.3463200e+05
   7.3463300e+05
   7.3463400e+05
   7.3463500e+05
   7.3463600e+05
   7.3463900e+05
   7.3464000e+05
   7.3464100e+05
   7.3464200e+05
   7.3464300e+05
   7.3464600e+05
   7.3464700e+05
   7.3464800e+05
   7.3464900e+05
   7.3465000e+05
   7.3465300e+05
   7.3465400e+05
   7.3465500e+05
   7.3465600e+05
   7.3465700e+05
   7.3466000e+05
   7.3466100e+05
   7.3466200e+05
   7.3466300e+05
   7.3466400e+05
   7.3466700e+05
   7.3466800e+05
   7.3466900e+05
   7.3467000e+05
   7.3467100e+05
   7.3467400e+05
   7.3467500e+05
   7.3467600e+05
   7.3467700e+05
   7.3467800e+05
   7.3468100e+05
   7.3468200e+05
   7.3468300e+05
   7.3468400e+05
   7.3468500e+05
   7.3468800e+05
   7.3468900e+05
   7.3469000e+05
   7.3469100e+05
   7.3469200e+05
   7.3469500e+05
   7.3469600e+05
   7.3469700e+05
   7.3469800e+05
   7.3469900e+05
   7.3470200e+05
   7.3470300e+05
   7.3470400e+05
   7.3470500e+05
   7.3470600e+05
   7.3470900e+05
   7.3471000e+05
   7.3471100e+05
   7.3471200e+05
   7.3471300e+05
   7.3471600e+05
   7.3471700e+05
   7.3471800e+05
   7.3471900e+05
   7.3472000e+05
   7.3472300e+05
   7.3472400e+05
   7.3472500e+05
   7.3472600e+05
   7.3472700e+05
   7.3473000e+05
   7.3473100e+05
   7.3473200e+05
   7.3473300e+05
   7.3473400e+05
   7.3473700e+05
   7.3473800e+05
   7.3473900e+05
   7.3474000e+05
   7.3474100e+05
   7.3474400e+05
   7.3474500e+05
   7.3474600e+05
   7.3474700e+05
   7.3474800e+05
   7.3475100e+05
   7.3475200e+05
   7.3475300e+05
   7.3475400e+05
   7.3475500e+05
   7.3475800e+05
   7.3475900e+05
   7.3476000e+05
   7.3476100e+05
   7.3476200e+05
   7.3476500e+05
   7.3476600e+05
   7.3476700e+05
   7.3476800e+05
   7.3476900e+05
   7.3477200e+05
   7.3477300e+05
   7.3477400e+05
   7.3477500e+05
   7.3477600e+05
   7.3477900e+05
   7.3478000e+05
   7.3478100e+05
   7.3478200e+05
   7.3478300e+05
   7.3478600e+05
   7.3478700e+05
   7.3478800e+05
   7.3478900e+05
   7.3479000e+05
   7.3479300e+05
   7.3479400e+05
   7.3479500e+05
   7.3479600e+05
   7.3479700e+05
   7.3480000e+05
   7.3480100e+05
   7.3480200e+05
   7.3480300e+05
   7.3480400e+05
   7.3480700e+05
   7.3480800e+05
   7.3480900e+05
   7.3481000e+05
   7.3481100e+05
   7.3481400e+05
   7.3481500e+05
   7.3481600e+05
   7.3481700e+05
   7.3481800e+05
   7.3482100e+05
   7.3482200e+05
   7.3482300e+05
   7.3482400e+05
   7.3482500e+05
   7.3482800e+05
   7.3482900e+05
   7.3483000e+05
   7.3483100e+05
   7.3483200e+05
   7.3483500e+05
   7.3483600e+05
   7.3483700e+05
   7.3483800e+05
   7.3483900e+05
   7.3484200e+05
   7.3484300e+05
   7.3484400e+05
   7.3484500e+05
   7.3484600e+05
   7.3484900e+05
   7.3485000e+05
   7.3485100e+05
   7.3485200e+05
   7.3485300e+05
   7.3485600e+05
   7.3485700e+05
   7.3485800e+05
   7.3485900e+05
   7.3486000e+05
   7.3486400e+05
   7.3486500e+05
   7.3486600e+05
   7.3486700e+05
